67162  686167062  mouse move  (537, 373)  0
67162  686167062  mouse move  (537, 373)  0
67162  686167078  mouse move  (540, 372)  0
67162  686167078  mouse move  (543, 372)  0
67162  686167078  mouse move  (548, 372)  0
67162  686167078  mouse move  (551, 372)  0
67162  686167093  mouse move  (556, 372)  0
67162  686167093  mouse move  (563, 372)  0
67162  686167093  mouse move  (570, 372)  0
67162  686167093  mouse move  (577, 372)  0
67162  686167109  mouse move  (585, 372)  0
67162  686167109  mouse move  (595, 372)  0
67162  686167109  mouse move  (607, 372)  0
67162  686167109  mouse move  (620, 372)  0
67162  686167125  mouse move  (635, 372)  0
67162  686167125  mouse move  (650, 372)  0
67162  686167125  mouse move  (666, 372)  0
67162  686167140  mouse move  (684, 372)  0
67162  686167140  mouse move  (703, 372)  0
67162  686167140  mouse move  (723, 372)  0
67162  686167140  mouse move  (741, 372)  0
67162  686167156  mouse move  (761, 372)  0
67162  686167156  mouse move  (779, 372)  0
67162  686167156  mouse move  (800, 372)  0
67162  686167156  mouse move  (821, 370)  0
67162  686167171  mouse move  (842, 370)  0
67162  686167171  mouse move  (866, 370)  0
67162  686167171  mouse move  (893, 370)  0
67162  686167171  mouse move  (920, 370)  0
67162  686167187  mouse move  (944, 370)  0
67162  686167187  mouse move  (968, 370)  0
67162  686167187  mouse move  (992, 370)  0
67162  686167187  mouse move  (1016, 370)  0
67162  686167203  mouse move  (1040, 370)  0
67162  686167203  mouse move  (1061, 370)  0
132520  686167203  mouse move  (1083, 369)  0
132520  686167203  mouse move  (1101, 369)  0
132520  686167218  mouse move  (1119, 369)  0
132520  686167218  mouse move  (1135, 367)  0
132520  686167218  mouse move  (1152, 367)  0
132520  686167218  mouse move  (1167, 366)  0
132520  686167234  mouse move  (1182, 366)  0
132520  686167234  mouse move  (1195, 365)  0
132520  686167234  mouse move  (1210, 365)  0
132520  686167234  mouse move  (1224, 363)  0
132520  686167250  mouse move  (1237, 363)  0
132610  686167250  mouse move  (1250, 362)  0
132516  686167250  mouse move  (1262, 362)  0
132516  686167265  mouse move  (1274, 362)  0
132516  686167265  mouse move  (1285, 362)  0
132516  686167265  mouse move  (1296, 361)  0
132516  686167265  mouse move  (1306, 361)  0
132516  686167265  mouse move  (1316, 360)  0
132516  686167281  mouse move  (1323, 360)  0
132516  686167281  mouse move  (1330, 358)  0
132516  686167281  mouse move  (1335, 357)  0
132516  686167296  mouse move  (1340, 356)  0
132516  686167296  mouse move  (1344, 355)  0
132516  686167296  mouse move  (1350, 354)  0
132516  686167296  mouse move  (1352, 353)  0
132516  686167312  mouse move  (1356, 352)  0
132516  686167312  mouse move  (1359, 352)  0
132516  686167312  mouse move  (1362, 351)  0
132516  686167312  mouse move  (1364, 350)  0
132516  686167328  mouse move  (1366, 350)  0
132516  686167328  mouse move  (1369, 349)  0
132516  686167328  mouse move  (1370, 348)  0
132516  686167328  mouse move  (1370, 348)  0
132516  686167343  mouse move  (1371, 348)  0
132516  686167343  mouse move  (1372, 347)  0
132516  686167343  mouse move  (1372, 347)  0
132516  686167343  mouse move  (1373, 347)  0
132516  686167359  mouse move  (1373, 347)  0
132516  686167359  mouse move  (1374, 347)  0
132516  686167359  mouse move  (1374, 346)  0
132516  686167375  mouse move  (1375, 346)  0
132516  686167437  mouse move  (1375, 345)  0
132516  686167453  mouse move  (1375, 344)  0
132516  686167453  mouse move  (1375, 344)  0
132516  686167468  mouse move  (1375, 343)  0
132516  686167468  mouse move  (1375, 342)  0
132516  686167468  mouse move  (1374, 341)  0
132516  686167484  mouse move  (1372, 339)  0
132516  686167484  mouse move  (1371, 337)  0
132516  686167484  mouse move  (1368, 334)  0
132516  686167484  mouse move  (1363, 331)  0
132516  686167500  mouse move  (1361, 329)  0
132516  686167500  mouse move  (1356, 326)  0
132516  686167500  mouse move  (1352, 323)  0
132516  686167500  mouse move  (1348, 321)  0
132516  686167515  mouse move  (1342, 317)  0
132516  686167515  mouse move  (1336, 314)  0
132516  686167515  mouse move  (1330, 310)  0
132516  686167515  mouse move  (1326, 307)  0
132516  686167531  mouse move  (1320, 303)  0
132516  686167531  mouse move  (1316, 300)  0
132516  686167531  mouse move  (1312, 297)  0
132516  686167531  mouse move  (1307, 294)  0
132516  686167546  mouse move  (1303, 290)  0
132516  686167546  mouse move  (1298, 286)  0
132516  686167546  mouse move  (1295, 283)  0
132516  686167546  mouse move  (1291, 280)  0
132516  686167562  mouse move  (1288, 277)  0
132516  686167562  mouse move  (1285, 275)  0
132516  686167562  mouse move  (1283, 272)  0
132516  686167562  mouse move  (1280, 270)  0
132516  686167578  mouse move  (1277, 268)  0
132516  686167578  mouse move  (1275, 266)  0
132516  686167578  mouse move  (1272, 263)  0
132516  686167578  mouse move  (1270, 261)  0
132516  686167593  mouse move  (1268, 258)  0
132516  686167593  mouse move  (1266, 256)  0
132516  686167593  mouse move  (1264, 253)  0
132516  686167593  mouse move  (1262, 251)  0
132516  686167609  mouse move  (1260, 247)  0
132516  686167609  mouse move  (1259, 244)  0
132610  686167609  mouse move  (1257, 240)  0
132610  686167625  mouse move  (1255, 236)  0
132610  686167625  mouse move  (1254, 233)  0
132610  686167625  mouse move  (1252, 229)  0
132610  686167625  mouse move  (1251, 225)  0
132610  686167640  mouse move  (1249, 222)  0
132610  686167640  mouse move  (1248, 219)  0
132610  686167640  mouse move  (1247, 216)  0
132610  686167640  mouse move  (1245, 212)  0
132610  686167656  mouse move  (1243, 209)  0
132610  686167656  mouse move  (1242, 206)  0
132520  686167656  mouse move  (1240, 202)  0
132520  686167656  mouse move  (1238, 198)  0
132520  686167671  mouse move  (1235, 195)  0
132520  686167671  mouse move  (1233, 191)  0
524806  686167671  mouse move  (1231, 187)  0
524332  686167671  mouse move  (1229, 185)  0
132542  686167687  mouse move  (1227, 182)  0
132542  686167687  mouse move  (1226, 181)  0
132542  686167687  mouse move  (1225, 179)  0
132542  686167687  mouse move  (1224, 177)  0
132542  686167703  mouse move  (1224, 176)  0
132542  686167703  mouse move  (1223, 174)  0
132542  686167703  mouse move  (1222, 172)  0
132542  686167703  mouse move  (1221, 170)  0
132542  686167718  mouse move  (1220, 170)  0
132542  686167718  mouse move  (1220, 168)  0
132542  686167718  mouse move  (1220, 168)  0
132542  686167718  mouse move  (1219, 166)  0
132542  686167734  mouse move  (1218, 165)  0
132542  686167734  mouse move  (1218, 165)  0
132542  686167734  mouse move  (1217, 163)  0
132542  686167734  mouse move  (1217, 162)  0
132542  686167750  mouse move  (1215, 160)  0
132542  686167750  mouse move  (1214, 159)  0
132542  686167750  mouse move  (1214, 158)  0
132542  686167750  mouse move  (1213, 157)  0
132542  686167765  mouse move  (1212, 156)  0
132542  686167765  mouse move  (1211, 155)  0
132542  686167765  mouse move  (1211, 155)  0
132542  686167765  mouse move  (1211, 154)  0
132542  686167781  mouse move  (1210, 153)  0
132542  686167781  mouse move  (1209, 153)  0
132542  686167812  mouse move  (1209, 152)  0
524332  686167828  mouse move  (1208, 151)  0
524332  686167843  mouse move  (1207, 150)  0
524332  686167843  mouse move  (1206, 150)  0
524332  686167859  mouse move  (1206, 149)  0
524332  686167859  mouse move  (1205, 148)  0
524332  686167859  mouse move  (1204, 148)  0
198112  686167859  mouse move  (1204, 147)  0
198112  686167875  mouse move  (1204, 146)  0
198112  686167875  mouse move  (1203, 145)  0
198112  686167875  mouse move  (1203, 145)  0
198112  686167890  mouse move  (1202, 144)  0
198112  686167890  mouse move  (1202, 143)  0
198112  686167890  mouse move  (1202, 143)  0
198112  686167890  mouse move  (1201, 142)  0
198112  686167906  mouse move  (1201, 141)  0
198112  686167906  mouse move  (1201, 140)  0
198112  686167921  mouse move  (1201, 140)  0
198112  686167921  mouse move  (1200, 139)  0
198112  686167937  mouse move  (1200, 138)  0
198112  686167937  mouse move  (1199, 138)  0
198112  686167937  mouse move  (1199, 137)  0
198112  686167953  mouse move  (1199, 136)  0
198112  686167953  mouse move  (1199, 135)  0
198112  686167953  mouse move  (1199, 135)  0
198112  686167953  mouse move  (1198, 134)  0
198112  686167968  mouse move  (1198, 133)  0
198112  686167968  mouse move  (1198, 132)  0
198112  686167968  mouse move  (1197, 132)  0
198112  686167968  mouse move  (1197, 131)  0
198112  686167984  mouse move  (1197, 130)  0
198112  686167984  mouse move  (1197, 130)  0
198112  686167984  mouse move  (1197, 129)  0
198112  686167984  mouse move  (1197, 128)  0
198112  686168000  mouse move  (1196, 127)  0
198112  686168000  mouse move  (1196, 126)  0
198112  686168000  mouse move  (1196, 125)  0
198112  686168000  mouse move  (1196, 125)  0
198112  686168015  mouse move  (1196, 124)  0
198112  686168015  mouse move  (1196, 123)  0
198112  686168015  mouse move  (1196, 122)  0
198112  686168015  mouse move  (1196, 121)  0
198112  686168031  mouse move  (1196, 119)  0
198112  686168031  mouse move  (1196, 119)  0
198112  686168031  mouse move  (1196, 118)  0
198112  686168031  mouse move  (1195, 117)  0
198112  686168046  mouse move  (1195, 117)  0
198112  686168046  mouse move  (1194, 116)  0
198112  686168046  mouse move  (1194, 115)  0
198112  686168078  mouse move  (1194, 114)  0
198112  686168187  mouse left down  (1194, 114)  0
198112  686168281  mouse left up  (1194, 114)  0
198112  686168359  mouse move  (1193, 114)  0
198112  686168375  mouse move  (1193, 114)  0
198112  686168375  mouse move  (1193, 114)  0
198112  686168375  mouse move  (1193, 115)  0
198112  686168390  mouse move  (1193, 116)  0
198112  686168390  mouse move  (1192, 116)  0
198112  686168406  mouse move  (1192, 117)  0
198112  686168406  mouse move  (1192, 118)  0
198112  686168531  mouse move  (1192, 118)  0
198112  686168531  mouse move  (1192, 119)  0
198112  686168546  mouse move  (1192, 120)  0
198112  686168546  mouse move  (1192, 121)  0
198112  686168546  mouse move  (1192, 121)  0
198112  686168546  mouse move  (1192, 122)  0
198112  686168562  mouse move  (1192, 123)  0
198112  686168562  mouse move  (1192, 125)  0
198112  686168562  mouse move  (1193, 127)  0
198112  686168562  mouse move  (1193, 128)  0
198112  686168578  mouse move  (1193, 129)  0
198112  686168578  mouse move  (1193, 130)  0
198112  686168578  mouse move  (1193, 131)  0
198112  686168578  mouse move  (1193, 133)  0
198112  686168593  mouse move  (1194, 136)  0
198112  686168593  mouse move  (1194, 137)  0
198112  686168593  mouse move  (1195, 140)  0
198112  686168609  mouse move  (1196, 143)  0
198112  686168609  mouse move  (1196, 144)  0
198112  686168609  mouse move  (1197, 146)  0
524332  686168609  mouse move  (1197, 148)  0
524332  686168625  mouse move  (1197, 149)  0
524332  686168625  mouse move  (1198, 151)  0
132542  686168625  mouse move  (1198, 154)  0
132542  686168625  mouse move  (1198, 156)  0
132542  686168640  mouse move  (1199, 160)  0
132542  686168640  mouse move  (1200, 164)  0
132542  686168640  mouse move  (1200, 167)  0
132542  686168640  mouse move  (1201, 169)  0
132542  686168656  mouse move  (1202, 173)  0
132542  686168656  mouse move  (1203, 177)  0
132542  686168656  mouse move  (1203, 182)  0
524806  686168656  mouse move  (1204, 186)  0
132520  686168671  mouse move  (1205, 192)  0
132520  686168671  mouse move  (1206, 195)  0
132520  686168671  mouse move  (1207, 201)  0
132520  686168671  mouse move  (1209, 206)  0
132520  686168687  mouse move  (1210, 212)  0
132520  686168687  mouse move  (1214, 218)  0
132520  686168687  mouse move  (1216, 225)  0
132520  686168687  mouse move  (1218, 231)  0
132520  686168703  mouse move  (1219, 238)  0
132520  686168703  mouse move  (1222, 243)  0
132520  686168703  mouse move  (1223, 252)  0
132520  686168703  mouse move  (1225, 259)  0
132520  686168718  mouse move  (1227, 268)  0
132520  686168718  mouse move  (1229, 276)  0
132520  686168718  mouse move  (1231, 284)  0
132520  686168734  mouse move  (1234, 291)  0
132520  686168734  mouse move  (1236, 298)  0
132520  686168734  mouse move  (1239, 305)  0
132520  686168734  mouse move  (1241, 311)  0
132610  686168750  mouse move  (1244, 317)  0
132610  686168750  mouse move  (1248, 323)  0
132610  686168750  mouse move  (1251, 328)  0
132610  686168750  mouse move  (1255, 334)  0
132610  686168765  mouse move  (1258, 339)  0
132516  686168765  mouse move  (1261, 343)  0
132516  686168765  mouse move  (1266, 347)  0
132516  686168765  mouse move  (1269, 352)  0
132516  686168781  mouse move  (1272, 355)  0
132516  686168781  mouse move  (1275, 357)  0
132516  686168781  mouse move  (1278, 359)  0
132516  686168781  mouse move  (1281, 361)  0
132516  686168796  mouse move  (1282, 363)  0
132516  686168796  mouse move  (1285, 365)  0
132516  686168796  mouse move  (1288, 366)  0
132516  686168796  mouse move  (1290, 368)  0
132516  686168812  mouse move  (1291, 369)  0
132516  686168812  mouse move  (1294, 370)  0
132516  686168812  mouse move  (1296, 372)  0
132516  686168812  mouse move  (1298, 373)  0
132516  686168828  mouse move  (1299, 374)  0
132516  686168828  mouse move  (1301, 375)  0
132516  686168828  mouse move  (1304, 375)  0
132516  686168828  mouse move  (1306, 376)  0
132516  686168843  mouse move  (1308, 377)  0
132516  686168843  mouse move  (1310, 378)  0
132516  686168843  mouse move  (1313, 379)  0
132516  686168843  mouse move  (1316, 380)  0
132516  686168859  mouse move  (1318, 381)  0
132516  686168859  mouse move  (1321, 382)  0
132516  686168859  mouse move  (1324, 383)  0
132516  686168859  mouse move  (1327, 384)  0
132516  686168875  mouse move  (1329, 385)  0
132516  686168875  mouse move  (1332, 386)  0
132516  686168875  mouse move  (1335, 386)  0
132516  686168875  mouse move  (1337, 387)  0
132516  686168890  mouse move  (1340, 387)  0
132516  686168890  mouse move  (1343, 387)  0
132516  686168890  mouse move  (1345, 388)  0
132516  686168890  mouse move  (1347, 388)  0
132516  686168906  mouse move  (1349, 388)  0
132516  686168906  mouse move  (1352, 389)  0
132516  686168906  mouse move  (1353, 389)  0
132516  686168921  mouse move  (1356, 390)  0
132516  686168921  mouse move  (1358, 391)  0
132516  686168921  mouse move  (1359, 391)  0
132516  686168921  mouse move  (1360, 392)  0
132516  686168937  mouse move  (1361, 392)  0
132516  686168937  mouse move  (1362, 392)  0
132516  686168937  mouse move  (1364, 392)  0
132516  686168937  mouse move  (1365, 392)  0
132516  686168953  mouse move  (1366, 392)  0
132516  686168953  mouse move  (1367, 393)  0
132516  686168953  mouse move  (1367, 393)  0
132516  686168953  mouse move  (1368, 393)  0
132516  686168968  mouse move  (1369, 394)  0
132516  686168968  mouse move  (1370, 394)  0
132516  686168968  mouse move  (1370, 394)  0
132516  686168968  mouse move  (1371, 394)  0
132516  686168984  mouse move  (1372, 394)  0
132516  686168984  mouse move  (1372, 394)  0
132516  686168984  mouse move  (1373, 394)  0
132516  686168984  mouse move  (1374, 394)  0
132516  686169000  mouse move  (1375, 394)  0
132516  686169000  mouse move  (1375, 394)  0
132516  686169000  mouse move  (1376, 394)  0
132516  686169000  mouse move  (1377, 394)  0
132516  686169015  mouse move  (1377, 394)  0
132516  686169015  mouse move  (1379, 394)  0
132516  686169015  mouse move  (1381, 394)  0
132516  686169015  mouse move  (1382, 395)  0
132516  686169031  mouse move  (1384, 395)  0
132516  686169031  mouse move  (1385, 395)  0
132516  686169031  mouse move  (1387, 396)  0
132516  686169031  mouse move  (1390, 396)  0
132516  686169046  mouse move  (1391, 396)  0
132516  686169046  mouse move  (1394, 396)  0
132516  686169046  mouse move  (1397, 396)  0
132516  686169046  mouse move  (1401, 397)  0
132516  686169062  mouse move  (1405, 398)  0
132516  686169062  mouse move  (1407, 398)  0
132516  686169062  mouse move  (1411, 398)  0
132516  686169078  mouse move  (1414, 399)  0
132516  686169078  mouse move  (1416, 399)  0
132516  686169078  mouse move  (1419, 399)  0
132516  686169078  mouse move  (1422, 399)  0
132516  686169093  mouse move  (1424, 399)  0
132516  686169093  mouse move  (1426, 399)  0
132516  686169093  mouse move  (1428, 400)  0
132516  686169093  mouse move  (1429, 400)  0
132516  686169109  mouse move  (1430, 400)  0
132516  686169109  mouse move  (1431, 400)  0
132516  686169109  mouse move  (1432, 400)  0
132516  686169125  mouse move  (1433, 401)  0
132516  686169125  mouse move  (1434, 401)  0
132516  686169125  mouse move  (1434, 401)  0
132516  686169140  mouse move  (1435, 401)  0
132516  686169140  mouse move  (1436, 402)  0
132516  686169171  mouse left down  (1436, 402)  0
132516  686169281  mouse left up  (1436, 402)  0
132516  686169406  mouse move  (1436, 402)  0
132516  686169421  mouse move  (1435, 402)  0
132516  686169421  mouse move  (1435, 403)  0
132516  686169421  mouse move  (1433, 405)  0
132516  686169421  mouse move  (1431, 406)  0
132516  686169437  mouse move  (1429, 409)  0
132516  686169437  mouse move  (1428, 412)  0
132516  686169437  mouse move  (1426, 416)  0
132516  686169437  mouse move  (1423, 420)  0
132516  686169453  mouse move  (1421, 424)  0
132516  686169453  mouse move  (1418, 430)  0
132516  686169453  mouse move  (1416, 436)  0
132516  686169453  mouse move  (1413, 441)  0
132516  686169468  mouse move  (1410, 447)  0
132516  686169468  mouse move  (1408, 453)  0
132516  686169468  mouse move  (1404, 457)  0
132516  686169468  mouse move  (1401, 463)  0
132516  686169484  mouse move  (1397, 469)  0
132516  686169484  mouse move  (1395, 475)  0
132516  686169484  mouse move  (1393, 482)  0
132516  686169484  mouse move  (1392, 487)  0
132516  686169500  mouse move  (1389, 494)  0
132516  686169500  mouse move  (1388, 500)  0
132516  686169500  mouse move  (1387, 505)  0
132516  686169500  mouse move  (1385, 509)  0
132516  686169515  mouse move  (1383, 514)  0
132516  686169515  mouse move  (1382, 517)  0
132516  686169515  mouse move  (1380, 520)  0
132516  686169515  mouse move  (1378, 524)  0
132516  686169531  mouse move  (1376, 528)  0
132516  686169531  mouse move  (1375, 532)  0
132516  686169531  mouse move  (1373, 538)  0
132516  686169531  mouse move  (1369, 544)  0
132516  686169546  mouse move  (1366, 549)  0
132516  686169546  mouse move  (1362, 555)  0
132516  686169546  mouse move  (1357, 563)  0
132516  686169546  mouse move  (1352, 570)  0
132516  686169562  mouse move  (1347, 578)  0
132516  686169562  mouse move  (1341, 587)  0
132516  686169562  mouse move  (1334, 595)  0
132516  686169562  mouse move  (1326, 603)  0
132516  686169578  mouse move  (1319, 612)  0
132516  686169578  mouse move  (1309, 620)  0
132516  686169578  mouse move  (1298, 628)  0
132516  686169593  mouse move  (1286, 636)  0
132516  686169593  mouse move  (1272, 645)  0
132610  686169593  mouse move  (1258, 654)  0
132610  686169593  mouse move  (1242, 663)  0
132520  686169609  mouse move  (1226, 672)  0
132520  686169609  mouse move  (1209, 683)  0
132520  686169609  mouse move  (1195, 690)  0
132520  686169609  mouse move  (1180, 697)  0
132520  686169625  mouse move  (1167, 703)  0
132520  686169625  mouse move  (1154, 709)  0
132520  686169625  mouse move  (1141, 714)  0
132520  686169625  mouse move  (1131, 718)  0
132520  686169640  mouse move  (1120, 722)  0
132520  686169640  mouse move  (1110, 726)  0
132520  686169640  mouse move  (1100, 729)  0
132520  686169640  mouse move  (1089, 731)  0
132520  686169656  mouse move  (1080, 735)  0
132520  686169656  mouse move  (1070, 738)  0
132520  686169656  mouse move  (1059, 742)  0
132520  686169656  mouse move  (1049, 746)  0
132520  686169671  mouse move  (1037, 751)  0
132520  686169671  mouse move  (1025, 755)  0
132520  686169671  mouse move  (1014, 759)  0
132520  686169671  mouse move  (1002, 764)  0
132520  686169687  mouse move  (991, 768)  0
132520  686169687  mouse move  (981, 774)  0
132520  686169687  mouse move  (969, 779)  0
132520  686169687  mouse move  (960, 783)  0
132520  686169703  mouse move  (949, 788)  0
132520  686169703  mouse move  (942, 792)  0
132520  686169703  mouse move  (934, 797)  0
132520  686169703  mouse move  (928, 800)  0
132516  686169718  mouse move  (924, 804)  0
132516  686169718  mouse move  (918, 807)  0
132516  686169718  mouse move  (914, 812)  0
132516  686169718  mouse move  (909, 815)  0
132516  686169734  mouse move  (905, 818)  0
132516  686169734  mouse move  (901, 822)  0
65848  686169734  mouse move  (898, 824)  0
65848  686169734  mouse move  (895, 827)  0
65848  686169750  mouse move  (890, 831)  0
65848  686169750  mouse move  (886, 833)  0
65848  686169750  mouse move  (882, 836)  0
65848  686169765  mouse move  (876, 838)  0
65848  686169765  mouse move  (872, 840)  0
65848  686169765  mouse move  (866, 844)  0
65848  686169765  mouse move  (862, 846)  0
65848  686169781  mouse move  (857, 848)  0
65848  686169781  mouse move  (852, 850)  0
65848  686169781  mouse move  (848, 852)  0
65848  686169781  mouse move  (844, 854)  0
65848  686169796  mouse move  (840, 855)  0
65848  686169796  mouse move  (838, 857)  0
65848  686169796  mouse move  (835, 858)  0
65848  686169796  mouse move  (832, 860)  0
65848  686169812  mouse move  (829, 861)  0
65848  686169812  mouse move  (826, 863)  0
0  686169812  mouse move  (825, 864)  0
0  686169812  mouse move  (822, 866)  0
0  686169828  mouse move  (818, 868)  0
0  686169828  mouse move  (815, 870)  0
0  686169828  mouse move  (811, 873)  0
0  686169828  mouse move  (808, 876)  0
0  686169843  mouse move  (804, 879)  0
0  686169843  mouse move  (801, 882)  0
0  686169843  mouse move  (796, 887)  0
0  686169843  mouse move  (792, 890)  0
0  686169859  mouse move  (789, 893)  0
0  686169859  mouse move  (785, 896)  0
0  686169859  mouse move  (782, 898)  0
0  686169859  mouse move  (779, 901)  0
0  686169875  mouse move  (775, 903)  0
0  686169875  mouse move  (772, 906)  0
0  686169875  mouse move  (768, 909)  0
0  686169875  mouse move  (765, 912)  0
0  686169890  mouse move  (762, 915)  0
0  686169890  mouse move  (758, 918)  0
0  686169890  mouse move  (754, 923)  0
0  686169906  mouse move  (750, 927)  0
0  686169906  mouse move  (746, 931)  0
0  686169906  mouse move  (743, 936)  0
0  686169906  mouse move  (738, 942)  0
0  686169906  mouse move  (735, 946)  0
0  686169921  mouse move  (731, 951)  0
0  686169921  mouse move  (725, 957)  0
0  686169921  mouse move  (720, 963)  0
0  686169937  mouse move  (714, 968)  0
0  686169937  mouse move  (709, 974)  0
0  686169937  mouse move  (703, 978)  0
0  686169937  mouse move  (698, 984)  0
0  686169953  mouse move  (692, 991)  0
0  686169953  mouse move  (686, 997)  0
0  686169953  mouse move  (680, 1003)  0
0  686169953  mouse move  (672, 1008)  0
0  686169968  mouse move  (666, 1014)  0
0  686169968  mouse move  (660, 1019)  0
0  686169968  mouse move  (654, 1024)  0
0  686169968  mouse move  (648, 1028)  0
0  686169984  mouse move  (642, 1031)  0
0  686169984  mouse move  (638, 1034)  0
0  686169984  mouse move  (632, 1036)  0
0  686169984  mouse move  (627, 1038)  0
0  686170000  mouse move  (623, 1041)  0
0  686170000  mouse move  (617, 1043)  0
0  686170000  mouse move  (613, 1044)  0
0  686170000  mouse move  (607, 1046)  0
0  686170015  mouse move  (605, 1047)  0
0  686170015  mouse move  (601, 1049)  0
0  686170015  mouse move  (598, 1050)  0
0  686170015  mouse move  (595, 1051)  0
0  686170031  mouse move  (592, 1053)  0
0  686170031  mouse move  (590, 1054)  0
0  686170031  mouse move  (588, 1054)  0
0  686170031  mouse move  (586, 1055)  0
0  686170046  mouse move  (584, 1057)  0
0  686170046  mouse move  (583, 1058)  0
0  686170046  mouse move  (581, 1060)  0
0  686170046  mouse move  (579, 1060)  0
0  686170062  mouse move  (577, 1062)  0
0  686170062  mouse move  (576, 1064)  0
0  686170062  mouse move  (574, 1065)  0
0  686170078  mouse move  (572, 1067)  0
0  686170078  mouse move  (570, 1069)  0
0  686170078  mouse move  (569, 1071)  0
0  686170078  mouse move  (567, 1073)  0
0  686170093  mouse move  (565, 1075)  0
0  686170093  mouse move  (563, 1077)  0
0  686170093  mouse move  (562, 1078)  0
0  686170093  mouse move  (561, 1080)  0
0  686170109  mouse move  (561, 1080)  0
0  686170109  mouse move  (560, 1079)  0
0  686170109  mouse move  (559, 1080)  0
0  686170109  mouse move  (559, 1080)  0
0  686170125  mouse move  (559, 1079)  0
0  686170125  mouse move  (559, 1080)  0
0  686170125  mouse move  (558, 1079)  0
0  686170140  mouse move  (558, 1080)  0
0  686170187  mouse left down  (558, 1079)  0
0  686170234  mouse move  (557, 1079)  0
0  686170234  mouse move  (557, 1080)  0
0  686170250  mouse left up  (557, 1079)  0
0  686170375  mouse move  (557, 1079)  0
0  686170390  mouse move  (557, 1078)  0
0  686170390  mouse move  (557, 1078)  0
0  686170390  mouse move  (558, 1077)  0
0  686170390  mouse move  (558, 1076)  0
0  686170406  mouse move  (559, 1075)  0
0  686170406  mouse move  (560, 1074)  0
0  686170406  mouse move  (561, 1073)  0
0  686170406  mouse move  (561, 1072)  0
0  686170421  mouse move  (563, 1071)  0
0  686170421  mouse move  (564, 1070)  0
0  686170421  mouse move  (565, 1069)  0
0  686170421  mouse move  (567, 1068)  0
0  686170437  mouse move  (568, 1068)  0
0  686170437  mouse move  (568, 1068)  0
0  686170437  mouse move  (570, 1067)  0
0  686170437  mouse move  (571, 1066)  0
0  686170453  mouse move  (572, 1066)  0
0  686170453  mouse move  (573, 1065)  0
0  686170453  mouse move  (575, 1065)  0
0  686170453  mouse move  (576, 1065)  0
0  686170468  mouse move  (577, 1064)  0
0  686170468  mouse move  (578, 1064)  0
0  686170468  mouse move  (578, 1063)  0
0  686170468  mouse move  (579, 1063)  0
0  686170484  mouse move  (580, 1063)  0
0  686170484  mouse move  (580, 1063)  0
0  686170484  mouse move  (580, 1062)  0
0  686170500  mouse move  (581, 1062)  0
0  686170515  mouse move  (581, 1061)  0
0  686170515  mouse move  (582, 1061)  0
0  686170546  mouse move  (582, 1060)  0
0  686170562  mouse move  (583, 1060)  0
0  686170562  mouse move  (583, 1060)  0
0  686170578  mouse move  (583, 1060)  0
0  686170640  mouse move  (584, 1060)  0
0  686170687  mouse move  (585, 1060)  0
0  686170718  mouse move  (585, 1060)  0
0  686170718  mouse move  (586, 1060)  0
0  686170734  mouse move  (587, 1060)  0
0  686170734  mouse move  (587, 1060)  0
0  686170750  mouse move  (587, 1060)  0
0  686170750  mouse move  (587, 1061)  0
0  686170750  mouse move  (588, 1062)  0
0  686170765  mouse move  (589, 1062)  0
0  686170765  mouse move  (590, 1063)  0
0  686170781  mouse move  (590, 1064)  0
0  686170781  mouse move  (591, 1064)  0
0  686170781  mouse move  (592, 1065)  0
0  686170796  mouse move  (592, 1066)  0
0  686170796  mouse move  (592, 1067)  0
0  686170812  mouse move  (592, 1067)  0
0  686170812  mouse move  (592, 1068)  0
0  686170812  mouse move  (593, 1069)  0
0  686170812  mouse move  (593, 1069)  0
0  686170828  mouse move  (594, 1070)  0
0  686170828  mouse move  (595, 1071)  0
0  686170828  mouse move  (595, 1072)  0
0  686170843  mouse move  (596, 1072)  0
0  686170843  mouse move  (596, 1073)  0
0  686170921  mouse move  (596, 1074)  0
0  686170953  mouse move  (597, 1074)  0
0  686171015  mouse move  (597, 1075)  0
0  686171031  mouse move  (597, 1076)  0
0  686171140  mouse move  (598, 1077)  0
0  686171187  mouse move  (599, 1077)  0
0  686171234  mouse move  (600, 1077)  0
0  686171390  mouse move  (600, 1078)  0
0  686172078  mouse move  (600, 1078)  0
0  686172093  mouse move  (600, 1077)  0
0  686172093  mouse move  (600, 1076)  0
0  686172109  mouse move  (600, 1074)  0
0  686172109  mouse move  (600, 1072)  0
0  686172109  mouse move  (600, 1069)  0
0  686172109  mouse move  (600, 1066)  0
0  686172125  mouse move  (600, 1062)  0
0  686172125  mouse move  (600, 1057)  0
0  686172125  mouse move  (602, 1051)  0
0  686172125  mouse move  (604, 1044)  0
0  686172140  mouse move  (608, 1036)  0
0  686172140  mouse move  (612, 1027)  0
0  686172140  mouse move  (616, 1017)  0
0  686172140  mouse move  (620, 1005)  0
0  686172156  mouse move  (626, 990)  0
0  686172156  mouse move  (633, 969)  0
0  686172156  mouse move  (644, 944)  0
0  686172156  mouse move  (655, 916)  0
0  686172171  mouse move  (669, 884)  0
65848  686172171  mouse move  (684, 852)  0
132516  686172171  mouse move  (698, 820)  0
132520  686172171  mouse move  (716, 786)  0
132520  686172187  mouse move  (735, 750)  0
132520  686172187  mouse move  (757, 713)  0
132520  686172187  mouse move  (781, 676)  0
132520  686172187  mouse move  (803, 640)  0
132520  686172203  mouse move  (827, 602)  0
67162  686172203  mouse move  (850, 568)  0
67162  686172203  mouse move  (874, 534)  0
67162  686172218  mouse move  (896, 503)  0
67162  686172218  mouse move  (918, 478)  0
67162  686172218  mouse move  (940, 450)  0
67162  686172218  mouse move  (962, 427)  0
67162  686172234  mouse move  (985, 407)  0
67162  686172234  mouse move  (1006, 389)  0
67162  686172234  mouse move  (1027, 373)  0
67162  686172234  mouse move  (1046, 358)  0
67162  686172250  mouse move  (1063, 345)  0
132520  686172250  mouse move  (1081, 333)  0
132520  686172250  mouse move  (1093, 321)  0
132520  686172250  mouse move  (1106, 312)  0
132520  686172265  mouse move  (1117, 302)  0
132520  686172265  mouse move  (1128, 293)  0
132520  686172265  mouse move  (1136, 283)  0
132520  686172265  mouse move  (1142, 273)  0
132520  686172281  mouse move  (1148, 262)  0
132520  686172281  mouse move  (1152, 250)  0
132520  686172281  mouse move  (1154, 238)  0
132520  686172281  mouse move  (1157, 226)  0
132520  686172296  mouse move  (1160, 216)  0
132520  686172296  mouse move  (1161, 205)  0
132520  686172296  mouse move  (1163, 197)  0
524806  686172296  mouse move  (1165, 188)  0
132542  686172312  mouse move  (1166, 179)  0
132542  686172312  mouse move  (1167, 172)  0
132542  686172312  mouse move  (1168, 167)  0
132542  686172312  mouse move  (1168, 162)  0
132542  686172328  mouse move  (1169, 159)  0
132542  686172328  mouse move  (1169, 156)  0
132542  686172328  mouse move  (1169, 156)  0
132542  686172343  mouse move  (1170, 155)  0
132542  686172343  mouse move  (1170, 154)  0
132542  686172390  mouse move  (1170, 154)  0
132542  686172390  mouse move  (1170, 153)  0
524332  686172390  mouse move  (1170, 151)  0
524332  686172406  mouse move  (1170, 150)  0
198112  686172406  mouse move  (1170, 147)  0
198112  686172406  mouse move  (1171, 143)  0
198112  686172406  mouse move  (1172, 138)  0
198112  686172421  mouse move  (1174, 131)  0
198112  686172421  mouse move  (1175, 125)  0
198112  686172421  mouse move  (1177, 119)  0
198112  686172421  mouse move  (1180, 114)  0
198112  686172437  mouse move  (1183, 108)  0
198112  686172437  mouse move  (1187, 102)  0
198112  686172437  mouse move  (1190, 98)  0
198112  686172437  mouse move  (1193, 93)  0
198112  686172453  mouse move  (1196, 91)  0
198112  686172453  mouse move  (1200, 89)  0
198112  686172453  mouse move  (1203, 88)  0
198112  686172453  mouse move  (1206, 87)  0
198112  686172468  mouse move  (1207, 86)  0
198112  686172468  mouse move  (1210, 84)  0
198112  686172468  mouse move  (1212, 84)  0
198112  686172484  mouse move  (1214, 83)  0
198112  686172484  mouse move  (1214, 82)  0
198112  686172484  mouse move  (1215, 82)  0
198112  686172484  mouse move  (1216, 82)  0
198112  686172500  mouse move  (1216, 82)  0
198112  686172500  mouse move  (1217, 82)  0
198112  686172500  mouse move  (1218, 82)  0
198112  686172515  mouse move  (1219, 82)  0
198112  686172515  mouse move  (1219, 82)  0
198112  686172515  mouse move  (1220, 82)  0
198112  686172515  mouse move  (1221, 82)  0
198112  686172531  mouse move  (1223, 82)  0
198112  686172531  mouse move  (1225, 82)  0
198112  686172531  mouse move  (1227, 82)  0
198112  686172531  mouse move  (1229, 82)  0
198112  686172546  mouse move  (1232, 82)  0
198112  686172546  mouse move  (1236, 83)  0
198112  686172546  mouse move  (1238, 83)  0
198112  686172546  mouse move  (1241, 84)  0
198112  686172562  mouse move  (1244, 85)  0
198112  686172562  mouse move  (1248, 86)  0
198112  686172562  mouse move  (1250, 86)  0
198112  686172562  mouse move  (1253, 88)  0
198112  686172578  mouse move  (1256, 89)  0
198112  686172578  mouse move  (1259, 90)  0
198112  686172578  mouse move  (1261, 91)  0
198112  686172578  mouse move  (1263, 91)  0
198112  686172593  mouse move  (1264, 92)  0
198112  686172593  mouse move  (1265, 92)  0
198112  686172593  mouse move  (1266, 92)  0
198112  686172609  mouse move  (1267, 93)  0
198112  686172609  mouse move  (1267, 93)  0
198112  686172625  mouse move  (1268, 93)  0
198112  686172625  mouse move  (1269, 93)  0
198112  686172625  mouse move  (1269, 94)  0
198112  686172640  mouse move  (1270, 94)  0
198112  686172656  mouse move  (1271, 94)  0
198112  686172671  mouse move  (1272, 95)  0
198112  686172687  mouse move  (1272, 95)  0
198112  686172718  mouse move  (1273, 95)  0
198112  686172718  mouse move  (1274, 96)  0
198112  686172734  mouse move  (1274, 97)  0
198112  686172734  mouse move  (1276, 97)  0
198112  686172734  mouse move  (1278, 99)  0
198112  686172734  mouse move  (1280, 101)  0
198112  686172750  mouse move  (1281, 103)  0
198112  686172750  mouse move  (1284, 105)  0
198112  686172750  mouse move  (1286, 105)  0
198112  686172750  mouse move  (1289, 107)  0
198112  686172765  mouse move  (1291, 109)  0
198112  686172765  mouse move  (1294, 110)  0
198112  686172765  mouse move  (1297, 111)  0
198112  686172765  mouse move  (1300, 111)  0
198112  686172781  mouse move  (1301, 112)  0
198112  686172781  mouse move  (1304, 113)  0
198112  686172781  mouse move  (1305, 113)  0
198112  686172781  mouse move  (1306, 113)  0
198112  686172796  mouse move  (1307, 114)  0
198112  686172796  mouse move  (1308, 114)  0
198112  686172859  mouse left down  (1308, 114)  0
198112  686172921  mouse left up  (1308, 114)  0
